onset	duration	sample	value
6.8203125000	n/a	873	10
7.0214843750	n/a	898.75	10
8.0898437500	n/a	1035.5	10
9.0292968750	n/a	1155.75	10
10.0898437500	n/a	1291.5	10
11.0644531250	n/a	1416.25	10
12.1210937500	n/a	1551.5	10
13.0410156250	n/a	1669.25	10
15.0976562500	n/a	1932.5	10
16.0859375000	n/a	2059	10
17.0371093750	n/a	2180.75	10
18.1210937500	n/a	2319.5	10
19.0605468750	n/a	2439.75	11
20.1152343750	n/a	2574.75	10
21.0800781250	n/a	2698.25	10
22.1289062500	n/a	2832.5	10
23.0761718750	n/a	2953.75	10
24.1699218750	n/a	3093.75	10
24.9023437500	n/a	3187.5	10
26.1035156250	n/a	3341.25	10
27.1015625000	n/a	3469	10
27.9355468750	n/a	3575.75	10
29.0800781250	n/a	3722.25	11
30.1562500000	n/a	3860	10
31.1855468750	n/a	3991.75	10
31.9296875000	n/a	4087	10
33.0253906250	n/a	4227.25	10
34.3496093750	n/a	4396.75	10
35.1269531250	n/a	4496.25	10
36.0351562500	n/a	4612.5	10
37.0917968750	n/a	4747.75	10
38.0175781250	n/a	4866.25	10
39.0664062500	n/a	5000.5	10
40.0449218750	n/a	5125.75	10
41.1035156250	n/a	5261.25	10
42.1660156250	n/a	5397.25	10
43.0527343750	n/a	5510.75	10
44.1660156250	n/a	5653.25	10
44.8007812500	n/a	5734.5	10
46.0820312500	n/a	5898.5	10
47.2207031250	n/a	6044.25	10
48.0585937500	n/a	6151.5	10
49.0703125000	n/a	6281	10
50.1171875000	n/a	6415	11
51.0468750000	n/a	6534	10
52.0976562500	n/a	6668.5	10
53.0566406250	n/a	6791.25	10
54.0996093750	n/a	6924.75	10
55.1367187500	n/a	7057.5	10
56.0820312500	n/a	7178.5	10
58.1210937500	n/a	7439.5	10
59.0449218750	n/a	7557.75	10
60.1035156250	n/a	7693.25	10
61.0976562500	n/a	7820.5	10
61.8867187500	n/a	7921.5	10
63.0878906250	n/a	8075.25	11
64.0488281250	n/a	8198.25	10
65.3769531250	n/a	8368.25	10
67.0917968750	n/a	8587.75	10
68.1171875000	n/a	8719	10
68.6347656250	n/a	8785.25	10
69.0722656250	n/a	8841.25	10
70.1601562500	n/a	8980.5	10
71.1015625000	n/a	9101	10
72.0566406250	n/a	9223.25	10
72.5527343750	n/a	9286.75	10
73.1035156250	n/a	9357.25	11
74.0957031250	n/a	9484.25	10
75.0527343750	n/a	9606.75	10
76.1308593750	n/a	9744.75	10
76.6289062500	n/a	9808.5	10
77.0410156250	n/a	9861.25	10
78.1269531250	n/a	10000.25	10
78.9296875000	n/a	10103	10
80.0390625000	n/a	10245	10
81.0937500000	n/a	10380	10
82.1210937500	n/a	10511.5	10
83.0507812500	n/a	10630.5	10
84.0527343750	n/a	10758.75	11
85.0957031250	n/a	10892.25	10
86.0527343750	n/a	11014.75	10
87.0507812500	n/a	11142.5	10
88.0214843750	n/a	11266.75	10
89.0839843750	n/a	11402.75	11
90.0117187500	n/a	11521.5	10
91.0253906250	n/a	11651.25	10
92.0195312500	n/a	11778.5	10
93.0683593750	n/a	11912.75	10
94.2265625000	n/a	12061	10
95.0605468750	n/a	12167.75	10
96.0898437500	n/a	12299.5	10
97.0097656250	n/a	12417.25	10
98.0917968750	n/a	12555.75	10
99.0273437500	n/a	12675.5	10
99.8535156250	n/a	12781.25	11
101.0605468750	n/a	12935.75	10
102.0996093750	n/a	13068.75	10
102.5800781250	n/a	13130.25	10
103.0312500000	n/a	13188	10
104.0644531250	n/a	13320.25	10
105.0488281250	n/a	13446.25	11
106.0136718750	n/a	13569.75	10
107.0058593750	n/a	13696.75	10
108.0156250000	n/a	13826	10
109.0332031250	n/a	13956.25	11
110.0976562500	n/a	14092.5	10
111.1015625000	n/a	14221	11
112.0468750000	n/a	14342	10
113.0312500000	n/a	14468	10
114.1035156250	n/a	14605.25	10
114.9960937500	n/a	14719.5	10
115.9746093750	n/a	14844.75	10
117.0468750000	n/a	14982	10
117.5058593750	n/a	15040.75	10
118.0546875000	n/a	15111	10
119.0175781250	n/a	15234.25	10
120.0214843750	n/a	15362.75	10
121.0273437500	n/a	15491.5	10
121.6699218750	n/a	15573.75	10
122.1386718750	n/a	15633.75	10
124.0097656250	n/a	15873.25	10
125.0839843750	n/a	16010.75	10
125.9257812500	n/a	16118.5	10
127.1015625000	n/a	16269	10
127.5917968750	n/a	16331.75	10
128.0253906250	n/a	16387.25	11
129.1640625000	n/a	16533	10
130.0468750000	n/a	16646	10
131.0664062500	n/a	16776.5	10
132.0175781250	n/a	16898.25	10
133.0195312500	n/a	17026.5	10
134.0859375000	n/a	17163	10
135.0976562500	n/a	17292.5	10
136.0156250000	n/a	17410	10
137.0273437500	n/a	17539.5	10
138.0781250000	n/a	17674	10
139.0820312500	n/a	17802.5	10
140.0097656250	n/a	17921.25	10
141.0937500000	n/a	18060	10
141.9980468750	n/a	18175.75	10
143.0410156250	n/a	18309.25	10
143.9921875000	n/a	18431	10
145.0136718750	n/a	18561.75	11
146.0351562500	n/a	18692.5	10
147.0839843750	n/a	18826.75	10
147.9667968750	n/a	18939.75	10
149.0332031250	n/a	19076.25	10
150.2089843750	n/a	19226.75	10
151.0390625000	n/a	19333	10
152.0078125000	n/a	19457	10
153.0273437500	n/a	19587.5	11
154.3183593750	n/a	19752.75	10
155.0644531250	n/a	19848.25	10
156.0566406250	n/a	19975.25	10
157.0078125000	n/a	20097	11
158.0937500000	n/a	20236	10
158.5996093750	n/a	20300.75	10
159.0703125000	n/a	20361	10
160.1601562500	n/a	20500.5	11
161.2304687500	n/a	20637.5	10
162.0898437500	n/a	20747.5	10
163.0957031250	n/a	20876.25	10
164.0488281250	n/a	20998.25	10
165.0078125000	n/a	21121	10
166.1621093750	n/a	21268.75	10
167.0351562500	n/a	21380.5	10
168.0371093750	n/a	21508.75	11
169.0136718750	n/a	21633.75	10
169.6406250000	n/a	21714	10
170.1972656250	n/a	21785.25	10
171.0214843750	n/a	21890.75	10
171.5312500000	n/a	21956	10
172.0878906250	n/a	22027.25	10
173.0468750000	n/a	22150	10
174.0625000000	n/a	22280	11
175.0566406250	n/a	22407.25	10
176.0859375000	n/a	22539	10
176.9960937500	n/a	22655.5	10
178.0898437500	n/a	22795.5	10
179.0546875000	n/a	22919	10
179.8906250000	n/a	23026	10
181.0585937500	n/a	23175.5	10
183.0527343750	n/a	23430.75	10
184.0644531250	n/a	23560.25	10
184.9960937500	n/a	23679.5	10
186.1074218750	n/a	23821.75	10
187.0585937500	n/a	23943.5	10
188.0117187500	n/a	24065.5	10
189.0273437500	n/a	24195.5	10
190.1035156250	n/a	24333.25	10
191.0585937500	n/a	24455.5	10
192.0292968750	n/a	24579.75	10
193.0566406250	n/a	24711.25	10
194.0214843750	n/a	24834.75	10
195.0800781250	n/a	24970.25	11
196.0859375000	n/a	25099	10
197.0292968750	n/a	25219.75	10
198.1250000000	n/a	25360	10
200.0820312500	n/a	25610.5	10
201.0253906250	n/a	25731.25	10
202.1035156250	n/a	25869.25	10
203.0527343750	n/a	25990.75	10
203.9746093750	n/a	26108.75	10
205.0410156250	n/a	26245.25	10
211.6601562500	n/a	27092.5	10
211.8652343750	n/a	27118.75	10
212.8886718750	n/a	27249.75	10
213.8886718750	n/a	27377.75	10
215.0703125000	n/a	27529	10
215.9199218750	n/a	27637.75	10
216.9218750000	n/a	27766	10
217.6816406250	n/a	27863.25	10
219.9160156250	n/a	28149.25	10
220.8808593750	n/a	28272.75	10
221.9277343750	n/a	28406.75	10
222.9218750000	n/a	28534	10
223.8925781250	n/a	28658.25	10
224.8593750000	n/a	28782	11
225.9570312500	n/a	28922.5	10
226.9238281250	n/a	29046.25	10
227.3847656250	n/a	29105.25	10
227.9003906250	n/a	29171.25	10
228.8652343750	n/a	29294.75	10
229.9003906250	n/a	29427.25	10
230.9687500000	n/a	29564	10
231.9101562500	n/a	29684.5	10
232.8984375000	n/a	29811	10
233.8828125000	n/a	29937	10
234.9296875000	n/a	30071	10
235.8925781250	n/a	30194.25	10
236.8730468750	n/a	30319.75	10
237.8906250000	n/a	30450	10
239.8828125000	n/a	30705	11
240.9414062500	n/a	30840.5	10
241.6914062500	n/a	30936.5	10
242.9589843750	n/a	31098.75	10
243.9765625000	n/a	31229	10
244.8730468750	n/a	31343.75	10
245.8730468750	n/a	31471.75	10
246.9101562500	n/a	31604.5	10
247.8847656250	n/a	31729.25	10
248.8945312500	n/a	31858.5	10
249.9316406250	n/a	31991.25	10
250.8750000000	n/a	32112	10
251.8867187500	n/a	32241.5	10
252.7812500000	n/a	32356	10
253.9140625000	n/a	32501	10
254.8925781250	n/a	32626.25	10
255.9355468750	n/a	32759.75	10
256.7539062500	n/a	32864.5	10
257.9121093750	n/a	33012.75	10
258.7636718750	n/a	33121.75	11
259.9453125000	n/a	33273	10
260.9277343750	n/a	33398.75	10
261.8906250000	n/a	33522	10
262.9550781250	n/a	33658.25	10
263.9433593750	n/a	33784.75	10
265.9082031250	n/a	34036.25	10
266.8593750000	n/a	34158	11
268.8593750000	n/a	34414	10
269.9121093750	n/a	34548.75	10
270.8828125000	n/a	34673	10
271.9785156250	n/a	34813.25	10
272.9648437500	n/a	34939.5	10
273.9394531250	n/a	35064.25	10
274.8750000000	n/a	35184	10
275.9472656250	n/a	35321.25	10
276.8964843750	n/a	35442.75	10
277.9687500000	n/a	35580	10
279.0839843750	n/a	35722.75	10
280.8632812500	n/a	35950.5	10
281.5058593750	n/a	36032.75	10
281.9472656250	n/a	36089.25	10
282.9062500000	n/a	36212	10
283.9296875000	n/a	36343	10
284.8691406250	n/a	36463.25	10
285.9277343750	n/a	36598.75	10
287.1015625000	n/a	36749	10
287.9375000000	n/a	36856	10
288.8847656250	n/a	36977.25	10
289.8945312500	n/a	37106.5	10
291.1250000000	n/a	37264	10
291.9433593750	n/a	37368.75	10
293.0957031250	n/a	37516.25	10
293.8691406250	n/a	37615.25	10
294.9062500000	n/a	37748	10
295.8769531250	n/a	37872.25	10
296.8886718750	n/a	38001.75	10
297.8593750000	n/a	38126	11
298.8984375000	n/a	38259	11
299.8867187500	n/a	38385.5	10
300.8964843750	n/a	38514.75	10
301.8828125000	n/a	38641	10
302.3613281250	n/a	38702.25	10
304.0019531250	n/a	38912.25	10
305.8574218750	n/a	39149.75	10
306.9140625000	n/a	39285	10
308.3378906250	n/a	39467.25	10
309.2460937500	n/a	39583.5	10
310.8964843750	n/a	39794.75	10
311.9941406250	n/a	39935.25	10
312.9902343750	n/a	40062.75	10
313.9414062500	n/a	40184.5	10
315.0722656250	n/a	40329.25	10
315.9687500000	n/a	40444	10
317.8906250000	n/a	40690	11
318.9765625000	n/a	40829	10
319.9238281250	n/a	40950.25	10
320.9414062500	n/a	41080.5	10
321.8027343750	n/a	41190.75	10
322.9960937500	n/a	41343.5	10
324.8906250000	n/a	41586	11
325.8417968750	n/a	41707.75	10
327.8906250000	n/a	41970	10
328.7050781250	n/a	42074.25	10
329.9765625000	n/a	42237	10
330.7441406250	n/a	42335.25	11
331.9003906250	n/a	42483.25	10
332.8984375000	n/a	42611	10
333.9179687500	n/a	42741.5	10
336.0214843750	n/a	43010.75	10
336.8789062500	n/a	43120.5	10
337.9257812500	n/a	43254.5	11
338.7246093750	n/a	43356.75	10
339.9355468750	n/a	43511.75	10
341.9042968750	n/a	43763.75	10
342.8808593750	n/a	43888.75	10
343.9941406250	n/a	44031.25	10
344.8359375000	n/a	44139	10
345.2343750000	n/a	44190	10
345.8398437500	n/a	44267.5	10
346.6093750000	n/a	44366	10
347.8085937500	n/a	44519.5	11
348.9355468750	n/a	44663.75	10
350.0839843750	n/a	44810.75	10
351.3457031250	n/a	44972.25	10
351.8906250000	n/a	45042	10
352.8027343750	n/a	45158.75	10
354.6660156250	n/a	45397.25	10
356.0546875000	n/a	45575	10
356.8574218750	n/a	45677.75	10
357.9863281250	n/a	45822.25	10
358.9003906250	n/a	45939.25	10
360.8535156250	n/a	46189.25	10
361.8710937500	n/a	46319.5	10
362.9355468750	n/a	46455.75	10
363.9218750000	n/a	46582	10
364.8906250000	n/a	46706	11
366.1386718750	n/a	46865.75	10
366.8847656250	n/a	46961.25	10
367.9121093750	n/a	47092.75	10
368.5898437500	n/a	47179.5	10
369.7246093750	n/a	47324.75	10
370.1738281250	n/a	47382.25	10
371.0507812500	n/a	47494.5	10
372.8437500000	n/a	47724	10
374.0214843750	n/a	47874.75	10
374.9921875000	n/a	47999	10
375.9121093750	n/a	48116.75	10
376.8632812500	n/a	48238.5	10
377.9082031250	n/a	48372.25	10
378.6796875000	n/a	48471	10
380.0273437500	n/a	48643.5	10
381.1718750000	n/a	48790	10
382.9414062500	n/a	49016.5	10
383.7578125000	n/a	49121	10
385.9726562500	n/a	49404.5	11
387.0507812500	n/a	49542.5	10
387.9218750000	n/a	49654	10
391.0644531250	n/a	50056.25	10
392.0371093750	n/a	50180.75	10
392.9101562500	n/a	50292.5	10
393.8691406250	n/a	50415.25	10
394.9589843750	n/a	50554.75	10
396.0097656250	n/a	50689.25	10
396.9199218750	n/a	50805.75	10
397.9101562500	n/a	50932.5	10
399.8867187500	n/a	51185.5	10
402.0644531250	n/a	51464.25	10
402.9140625000	n/a	51573	10
404.3847656250	n/a	51761.25	10
405.9375000000	n/a	51960	10
407.9746093750	n/a	52220.75	10
408.8535156250	n/a	52333.25	10
409.8906250000	n/a	52466	10
418.2070312500	n/a	53530.5	10
419.4218750000	n/a	53686	10
420.4960937500	n/a	53823.5	10
421.3769531250	n/a	53936.25	10
422.4492187500	n/a	54073.5	10
423.4335937500	n/a	54199.5	10
424.3867187500	n/a	54321.5	10
425.5117187500	n/a	54465.5	10
426.5273437500	n/a	54595.5	10
427.4257812500	n/a	54710.5	10
428.3945312500	n/a	54834.5	10
429.4921875000	n/a	54975	10
430.4453125000	n/a	55097	10
431.4082031250	n/a	55220.25	10
433.6425781250	n/a	55506.25	10
435.4765625000	n/a	55741	10
436.5175781250	n/a	55874.25	11
437.5273437500	n/a	56003.5	10
438.4804687500	n/a	56125.5	10
439.0566406250	n/a	56199.25	10
440.4941406250	n/a	56383.25	10
441.0722656250	n/a	56457.25	10
442.4160156250	n/a	56629.25	10
443.4238281250	n/a	56758.25	11
444.4628906250	n/a	56891.25	10
445.7851562500	n/a	57060.5	10
446.4003906250	n/a	57139.25	11
448.1562500000	n/a	57364	10
450.7949218750	n/a	57701.75	10
451.9472656250	n/a	57849.25	10
452.4863281250	n/a	57918.25	11
453.5019531250	n/a	58048.25	11
454.4335937500	n/a	58167.5	10
455.4570312500	n/a	58298.5	10
456.4511718750	n/a	58425.75	10
457.6035156250	n/a	58573.25	10
458.5332031250	n/a	58692.25	10
459.4257812500	n/a	58806.5	10
460.5097656250	n/a	58945.25	10
462.4218750000	n/a	59190	10
464.5292968750	n/a	59459.75	10
465.4277343750	n/a	59574.75	10
466.4511718750	n/a	59705.75	10
467.4843750000	n/a	59838	10
468.4765625000	n/a	59965	10
470.5742187500	n/a	60233.5	10
472.4492187500	n/a	60473.5	10
473.0078125000	n/a	60545	10
474.3769531250	n/a	60720.25	10
475.4238281250	n/a	60854.25	10
476.3789062500	n/a	60976.5	10
477.4785156250	n/a	61117.25	10
478.4218750000	n/a	61238	10
479.3769531250	n/a	61360.25	11
480.4453125000	n/a	61497	10
481.7304687500	n/a	61661.5	10
482.3496093750	n/a	61740.75	10
483.3457031250	n/a	61868.25	10
484.6894531250	n/a	62040.25	10
485.6269531250	n/a	62160.25	10
488.3730468750	n/a	62511.75	11
489.4023437500	n/a	62643.5	10
490.6445312500	n/a	62802.5	10
491.4746093750	n/a	62908.75	10
493.3906250000	n/a	63154	10
494.8691406250	n/a	63343.25	10
495.4023437500	n/a	63411.5	10
496.4628906250	n/a	63547.25	10
499.5644531250	n/a	63944.25	10
500.3750000000	n/a	64048	10
501.1894531250	n/a	64152.25	10
502.3535156250	n/a	64301.25	10
503.3457031250	n/a	64428.25	10
504.7402343750	n/a	64606.75	10
505.4785156250	n/a	64701.25	10
506.3867187500	n/a	64817.5	10
507.4140625000	n/a	64949	10
508.4472656250	n/a	65081.25	10
509.3964843750	n/a	65202.75	10
510.3437500000	n/a	65324	10
511.8691406250	n/a	65519.25	10
512.3593750000	n/a	65582	10
513.4960937500	n/a	65727.5	10
514.2656250000	n/a	65826	10
515.5488281250	n/a	65990.25	10
516.5546875000	n/a	66119	10
517.4687500000	n/a	66236	10
517.8574218750	n/a	66285.75	10
519.3925781250	n/a	66482.25	10
520.4042968750	n/a	66611.75	10
521.4453125000	n/a	66745	10
521.9355468750	n/a	66807.75	10
522.3750000000	n/a	66864	10
523.4667968750	n/a	67003.75	10
525.4199218750	n/a	67253.75	10
526.4042968750	n/a	67379.75	10
528.5937500000	n/a	67660	10
529.5585937500	n/a	67783.5	10
530.5644531250	n/a	67912.25	10
531.0800781250	n/a	67978.25	10
532.4082031250	n/a	68148.25	10
534.3437500000	n/a	68396	11
535.5527343750	n/a	68550.75	10
536.4316406250	n/a	68663.25	10
537.3554687500	n/a	68781.5	11
538.3613281250	n/a	68910.25	10
539.4531250000	n/a	69050	10
540.3886718750	n/a	69169.75	10
541.3945312500	n/a	69298.5	10
542.3886718750	n/a	69425.75	10
543.4042968750	n/a	69555.75	10
544.2734375000	n/a	69667	10
545.5078125000	n/a	69825	10
546.3867187500	n/a	69937.5	10
547.4160156250	n/a	70069.25	11
548.4414062500	n/a	70200.5	10
549.3652343750	n/a	70318.75	11
550.3808593750	n/a	70448.75	10
551.3867187500	n/a	70577.5	10
552.4531250000	n/a	70714	10
553.4511718750	n/a	70841.75	11
554.3300781250	n/a	70954.25	10
556.5429687500	n/a	71237.5	10
558.3671875000	n/a	71471	10
559.3515625000	n/a	71597	10
560.4570312500	n/a	71738.5	10
561.4882812500	n/a	71870.5	10
562.4023437500	n/a	71987.5	10
563.4355468750	n/a	72119.75	10
564.4082031250	n/a	72244.25	10
565.4687500000	n/a	72380	11
567.6152343750	n/a	72654.75	10
569.2812500000	n/a	72868	10
570.2460937500	n/a	72991.5	10
571.4453125000	n/a	73145	10
572.4804687500	n/a	73277.5	10
573.4687500000	n/a	73404	10
574.6953125000	n/a	73561	11
576.5957031250	n/a	73804.25	10
577.4335937500	n/a	73911.5	10
578.3964843750	n/a	74034.75	10
580.3652343750	n/a	74286.75	11
581.4062500000	n/a	74420	10
582.3945312500	n/a	74546.5	10
583.4648437500	n/a	74683.5	11
584.5722656250	n/a	74825.25	10
585.4570312500	n/a	74938.5	10
586.5351562500	n/a	75076.5	10
588.3867187500	n/a	75313.5	10
589.2890625000	n/a	75429	11
590.0156250000	n/a	75522	11
590.6347656250	n/a	75601.25	10
591.4492187500	n/a	75705.5	10
592.3476562500	n/a	75820.5	10
593.4394531250	n/a	75960.25	10
595.4609375000	n/a	76219	11
596.7617187500	n/a	76385.5	10
600.3984375000	n/a	76851	11
601.3789062500	n/a	76976.5	10
602.3828125000	n/a	77105	10
603.3828125000	n/a	77233	10
604.3437500000	n/a	77356	11
605.3769531250	n/a	77488.25	11
606.3574218750	n/a	77613.75	10
607.3398437500	n/a	77739.5	10
608.3437500000	n/a	77868	10
609.3964843750	n/a	78002.75	10
610.3203125000	n/a	78121	10
611.3671875000	n/a	78255	10
611.8710937500	n/a	78319.5	10
612.4882812500	n/a	78398.5	10
613.4511718750	n/a	78521.75	10
615.3867187500	n/a	78769.5	10
616.3554687500	n/a	78893.5	10
652.8066406250	n/a	83559.25	10
653.9980468750	n/a	83711.75	10
655.0078125000	n/a	83841	11
656.0253906250	n/a	83971.25	11
656.9863281250	n/a	84094.25	10
658.0253906250	n/a	84227.25	10
658.9960937500	n/a	84351.5	10
660.0917968750	n/a	84491.75	10
661.0117187500	n/a	84609.5	10
662.0136718750	n/a	84737.75	10
662.9785156250	n/a	84861.25	10
664.0761718750	n/a	85001.75	10
664.9980468750	n/a	85119.75	10
666.0117187500	n/a	85249.5	10
667.0058593750	n/a	85376.75	10
668.0351562500	n/a	85508.5	10
669.0371093750	n/a	85636.75	10
670.0078125000	n/a	85761	10
671.0332031250	n/a	85892.25	10
673.0332031250	n/a	86148.25	11
674.1699218750	n/a	86293.75	10
674.9824218750	n/a	86397.75	10
676.0488281250	n/a	86534.25	11
676.8554687500	n/a	86637.5	10
678.0488281250	n/a	86790.25	10
678.9804687500	n/a	86909.5	10
680.0175781250	n/a	87042.25	10
680.9824218750	n/a	87165.75	10
682.0351562500	n/a	87300.5	10
683.0234375000	n/a	87427	11
684.0175781250	n/a	87554.25	10
684.9843750000	n/a	87678	10
686.0527343750	n/a	87814.75	10
687.0214843750	n/a	87938.75	10
688.0625000000	n/a	88072	10
688.9804687500	n/a	88189.5	10
691.0214843750	n/a	88450.75	10
692.0312500000	n/a	88580	10
693.0488281250	n/a	88710.25	10
694.0175781250	n/a	88834.25	10
695.0273437500	n/a	88963.5	10
696.9980468750	n/a	89215.75	10
698.0039062500	n/a	89344.5	10
699.0234375000	n/a	89475	10
700.0468750000	n/a	89606	10
701.0429687500	n/a	89733.5	10
701.9140625000	n/a	89845	10
703.0703125000	n/a	89993	10
704.0878906250	n/a	90123.25	10
705.0312500000	n/a	90244	10
706.0449218750	n/a	90373.75	10
707.1152343750	n/a	90510.75	10
708.0175781250	n/a	90626.25	10
709.1015625000	n/a	90765	10
710.0000000000	n/a	90880	10
711.0253906250	n/a	91011.25	10
712.0546875000	n/a	91143	10
713.0078125000	n/a	91265	10
714.0097656250	n/a	91393.25	11
715.0410156250	n/a	91525.25	10
716.0820312500	n/a	91658.5	10
717.0839843750	n/a	91786.75	10
718.0917968750	n/a	91915.75	10
718.9882812500	n/a	92030.5	10
719.9921875000	n/a	92159	10
721.0429687500	n/a	92293.5	10
722.0371093750	n/a	92420.75	10
723.5039062500	n/a	92608.5	11
725.0410156250	n/a	92805.25	10
726.0781250000	n/a	92938	11
727.0253906250	n/a	93059.25	10
728.0976562500	n/a	93196.5	10
729.0214843750	n/a	93314.75	10
730.0136718750	n/a	93441.75	11
731.0390625000	n/a	93573	10
732.0410156250	n/a	93701.25	10
733.0117187500	n/a	93825.5	10
734.0546875000	n/a	93959	10
734.9960937500	n/a	94079.5	10
736.0175781250	n/a	94210.25	10
737.0468750000	n/a	94342	10
738.0117187500	n/a	94465.5	10
739.0976562500	n/a	94604.5	10
739.9980468750	n/a	94719.75	10
741.0175781250	n/a	94850.25	10
742.4218750000	n/a	95030	10
743.0507812500	n/a	95110.5	10
744.0917968750	n/a	95243.75	10
745.0214843750	n/a	95362.75	10
745.9863281250	n/a	95486.25	10
747.2949218750	n/a	95653.75	10
749.1074218750	n/a	95885.75	11
750.0117187500	n/a	96001.5	10
751.0410156250	n/a	96133.25	10
752.0761718750	n/a	96265.75	11
752.7597656250	n/a	96353.25	11
754.0449218750	n/a	96517.75	10
754.7460937500	n/a	96607.5	10
756.1093750000	n/a	96782	10
757.3867187500	n/a	96945.5	10
759.0234375000	n/a	97155	10
760.1601562500	n/a	97300.5	10
761.0039062500	n/a	97408.5	10
763.0410156250	n/a	97669.25	10
764.0566406250	n/a	97799.25	10
765.0214843750	n/a	97922.75	11
766.0722656250	n/a	98057.25	10
767.2265625000	n/a	98205	10
768.2890625000	n/a	98341	10
769.1152343750	n/a	98446.75	10
770.0429687500	n/a	98565.5	10
771.0703125000	n/a	98697	10
772.4335937500	n/a	98871.5	10
774.0019531250	n/a	99072.25	10
775.0468750000	n/a	99206	10
776.1542968750	n/a	99347.75	10
778.7226562500	n/a	99676.5	11
780.1542968750	n/a	99859.75	10
781.0800781250	n/a	99978.25	10
782.1210937500	n/a	100111.5	10
783.2148437500	n/a	100251.5	10
784.1210937500	n/a	100367.5	11
785.1113281250	n/a	100494.25	10
787.0468750000	n/a	100742	10
789.3945312500	n/a	101042.5	10
790.0800781250	n/a	101130.25	10
791.1093750000	n/a	101262	10
791.5839843750	n/a	101322.75	10
792.0566406250	n/a	101383.25	10
793.0683593750	n/a	101512.75	11
795.1796875000	n/a	101783	10
796.0878906250	n/a	101899.25	10
797.2597656250	n/a	102049.25	10
798.0175781250	n/a	102146.25	11
799.7578125000	n/a	102369	10
802.1035156250	n/a	102669.25	10
802.6113281250	n/a	102734.25	10
803.1542968750	n/a	102803.75	11
804.1230468750	n/a	102927.75	10
809.1113281250	n/a	103566.25	10
809.5917968750	n/a	103627.75	10
811.2363281250	n/a	103838.25	10
812.1171875000	n/a	103951	10
813.1015625000	n/a	104077	10
814.9785156250	n/a	104317.25	11
816.0566406250	n/a	104455.25	10
816.9980468750	n/a	104575.75	10
818.2128906250	n/a	104731.25	10
820.6015625000	n/a	105037	10
821.0546875000	n/a	105095	10
821.9824218750	n/a	105213.75	10
823.0703125000	n/a	105353	10
824.0214843750	n/a	105474.75	10
825.0566406250	n/a	105607.25	10
825.9355468750	n/a	105719.75	11
827.0859375000	n/a	105867	10
829.0000000000	n/a	106112	10
832.3144531250	n/a	106536.25	10
834.1191406250	n/a	106767.25	10
836.3457031250	n/a	107052.25	10
837.0292968750	n/a	107139.75	11
838.0292968750	n/a	107267.75	10
839.9550781250	n/a	107514.25	10
841.0585937500	n/a	107655.5	10
844.3007812500	n/a	108070.5	10
845.0214843750	n/a	108162.75	10
847.0332031250	n/a	108420.25	10
849.0273437500	n/a	108675.5	10
850.1621093750	n/a	108820.75	10
850.8652343750	n/a	108910.75	10
858.4101562500	n/a	109876.5	10
858.6191406250	n/a	109903.25	10
859.6308593750	n/a	110032.75	10
860.6386718750	n/a	110161.75	10
861.6347656250	n/a	110289.25	10
862.6386718750	n/a	110417.75	10
863.6250000000	n/a	110544	10
864.6230468750	n/a	110671.75	10
865.6679687500	n/a	110805.5	10
866.6718750000	n/a	110934	11
867.6289062500	n/a	111056.5	10
868.6679687500	n/a	111189.5	10
869.7324218750	n/a	111325.75	10
870.6601562500	n/a	111444.5	10
871.6269531250	n/a	111568.25	10
872.6191406250	n/a	111695.25	10
873.6796875000	n/a	111831	10
874.6152343750	n/a	111950.75	10
875.6640625000	n/a	112085	10
876.6269531250	n/a	112208.25	10
877.7050781250	n/a	112346.25	10
878.6523437500	n/a	112467.5	10
879.6484375000	n/a	112595	10
880.6464843750	n/a	112722.75	11
881.7148437500	n/a	112859.5	10
882.6386718750	n/a	112977.75	10
883.6347656250	n/a	113105.25	10
884.6503906250	n/a	113235.25	10
885.6210937500	n/a	113359.5	10
886.5878906250	n/a	113483.25	10
887.5839843750	n/a	113610.75	10
888.6777343750	n/a	113750.75	10
889.6191406250	n/a	113871.25	10
890.6210937500	n/a	113999.5	10
891.6152343750	n/a	114126.75	10
892.6542968750	n/a	114259.75	10
893.6171875000	n/a	114383	10
894.6289062500	n/a	114512.5	10
895.6464843750	n/a	114642.75	10
896.6386718750	n/a	114769.75	10
897.6855468750	n/a	114903.75	10
898.6328125000	n/a	115025	10
899.6171875000	n/a	115151	10
900.6250000000	n/a	115280	10
901.6972656250	n/a	115417.25	10
902.6210937500	n/a	115535.5	10
903.6523437500	n/a	115667.5	10
904.5585937500	n/a	115783.5	10
905.6757812500	n/a	115926.5	10
906.6093750000	n/a	116046	10
907.6289062500	n/a	116176.5	10
908.6660156250	n/a	116309.25	10
909.7929687500	n/a	116453.5	10
910.6445312500	n/a	116562.5	11
911.6152343750	n/a	116686.75	10
912.5996093750	n/a	116812.75	10
913.8945312500	n/a	116978.5	10
914.6835937500	n/a	117079.5	10
915.5625000000	n/a	117192	10
916.5957031250	n/a	117324.25	10
917.6972656250	n/a	117465.25	10
918.6386718750	n/a	117585.75	10
919.6386718750	n/a	117713.75	10
920.6640625000	n/a	117845	10
921.6289062500	n/a	117968.5	10
922.6503906250	n/a	118099.25	10
923.5156250000	n/a	118210	10
924.6074218750	n/a	118349.75	10
925.9511718750	n/a	118521.75	10
926.6464843750	n/a	118610.75	10
927.6113281250	n/a	118734.25	10
928.6171875000	n/a	118863	10
929.6347656250	n/a	118993.25	10
931.6542968750	n/a	119251.75	10
932.6367187500	n/a	119377.5	10
933.1210937500	n/a	119439.5	10
933.6894531250	n/a	119512.25	10
934.6171875000	n/a	119631	10
935.6132812500	n/a	119758.5	10
936.5371093750	n/a	119876.75	10
937.6230468750	n/a	120015.75	10
938.6152343750	n/a	120142.75	10
939.5449218750	n/a	120261.75	10
940.5351562500	n/a	120388.5	11
941.6914062500	n/a	120536.5	10
942.6113281250	n/a	120654.25	10
943.6621093750	n/a	120788.75	10
945.6406250000	n/a	121042	10
946.6933593750	n/a	121176.75	10
947.6289062500	n/a	121296.5	10
948.6933593750	n/a	121432.75	10
949.6621093750	n/a	121556.75	10
950.6093750000	n/a	121678	10
951.6386718750	n/a	121809.75	10
952.5937500000	n/a	121932	10
953.6210937500	n/a	122063.5	10
955.6738281250	n/a	122326.25	10
956.4726562500	n/a	122428.5	10
957.7128906250	n/a	122587.25	10
958.6367187500	n/a	122705.5	10
959.6054687500	n/a	122829.5	10
960.6113281250	n/a	122958.25	10
961.7792968750	n/a	123107.75	10
962.6386718750	n/a	123217.75	11
963.6074218750	n/a	123341.75	10
964.5644531250	n/a	123464.25	10
966.6347656250	n/a	123729.25	10
967.5859375000	n/a	123851	10
968.1679687500	n/a	123925.5	10
968.6289062500	n/a	123984.5	11
969.6777343750	n/a	124118.75	10
970.5097656250	n/a	124225.25	10
971.4707031250	n/a	124348.25	10
972.6054687500	n/a	124493.5	10
974.1328125000	n/a	124689	10
975.6093750000	n/a	124878	10
976.6113281250	n/a	125006.25	10
977.6015625000	n/a	125133	10
978.6250000000	n/a	125264	10
979.6054687500	n/a	125389.5	10
980.6308593750	n/a	125520.75	10
981.5410156250	n/a	125637.25	10
982.6699218750	n/a	125781.75	10
983.5917968750	n/a	125899.75	10
984.6757812500	n/a	126038.5	10
985.6367187500	n/a	126161.5	10
986.7031250000	n/a	126298	10
987.6054687500	n/a	126413.5	10
988.0898437500	n/a	126475.5	10
988.6875000000	n/a	126552	10
989.7812500000	n/a	126692	11
990.6367187500	n/a	126801.5	10
991.5761718750	n/a	126921.75	10
992.5917968750	n/a	127051.75	10
993.5859375000	n/a	127179	10
994.6464843750	n/a	127314.75	10
995.4042968750	n/a	127411.75	10
996.7070312500	n/a	127578.5	10
997.8105468750	n/a	127719.75	10
998.3261718750	n/a	127785.75	10
999.6289062500	n/a	127952.5	10
1000.6816406250	n/a	128087.25	11
1001.7011718750	n/a	128217.75	10
1002.5859375000	n/a	128331	10
1003.6269531250	n/a	128464.25	10
1004.4296875000	n/a	128567	10
1005.6777343750	n/a	128726.75	10
1006.3554687500	n/a	128813.5	10
1007.7070312500	n/a	128986.5	10
1008.5917968750	n/a	129099.75	11
1009.6347656250	n/a	129233.25	10
1010.5976562500	n/a	129356.5	10
1011.0410156250	n/a	129413.25	10
1011.6113281250	n/a	129486.25	11
1012.6113281250	n/a	129614.25	10
1013.6542968750	n/a	129747.75	11
1014.6562500000	n/a	129876	10
1015.6582031250	n/a	130004.25	10
1016.5253906250	n/a	130115.25	10
1017.1914062500	n/a	130200.5	10
1019.6406250000	n/a	130514	10
1020.5820312500	n/a	130634.5	10
1021.6386718750	n/a	130769.75	10
1022.6250000000	n/a	130896	10
1023.6113281250	n/a	131022.25	10
1024.6035156250	n/a	131149.25	11
1025.6269531250	n/a	131280.25	10
1026.1445312500	n/a	131346.5	10
1026.6132812500	n/a	131406.5	10
1028.5917968750	n/a	131659.75	10
1029.6347656250	n/a	131793.25	10
1030.6054687500	n/a	131917.5	10
1031.6621093750	n/a	132052.75	10
1032.3886718750	n/a	132145.75	10
1033.5957031250	n/a	132300.25	10
1034.6093750000	n/a	132430	10
1035.6093750000	n/a	132558	10
1036.6640625000	n/a	132693	11
1037.3222656250	n/a	132777.25	11
1038.0859375000	n/a	132875	10
1038.5937500000	n/a	132940	10
1039.5800781250	n/a	133066.25	10
1040.6503906250	n/a	133203.25	11
1041.6933593750	n/a	133336.75	10
1042.6152343750	n/a	133454.75	10
1043.5273437500	n/a	133571.5	10
1044.5839843750	n/a	133706.75	10
1046.5820312500	n/a	133962.5	11
1047.7148437500	n/a	134107.5	10
1048.6113281250	n/a	134222.25	10
1049.1875000000	n/a	134296	10
1049.6621093750	n/a	134356.75	10
1050.6171875000	n/a	134479	10
1051.6582031250	n/a	134612.25	10
1052.6367187500	n/a	134737.5	10
1053.6054687500	n/a	134861.5	10
1054.6093750000	n/a	134990	11
1055.6015625000	n/a	135117	10
1056.5917968750	n/a	135243.75	10
1083.4765625000	n/a	138685	10
1083.6640625000	n/a	138709	10
1084.6796875000	n/a	138839	10
1085.6562500000	n/a	138964	10
1086.7851562500	n/a	139108.5	10
1087.6894531250	n/a	139224.25	10
1088.6699218750	n/a	139349.75	10
1089.6816406250	n/a	139479.25	10
1090.7539062500	n/a	139616.5	10
1091.6699218750	n/a	139733.75	10
1092.6757812500	n/a	139862.5	10
1093.7773437500	n/a	140003.5	10
1094.6953125000	n/a	140121	10
1095.7031250000	n/a	140250	10
1096.6855468750	n/a	140375.75	10
1097.6933593750	n/a	140504.75	10
1098.6738281250	n/a	140630.25	10
1099.6777343750	n/a	140758.75	10
1100.7148437500	n/a	140891.5	11
1101.7167968750	n/a	141019.75	10
1102.7402343750	n/a	141150.75	10
1103.7226562500	n/a	141276.5	10
1104.7480468750	n/a	141407.75	10
1105.7011718750	n/a	141529.75	10
1106.6816406250	n/a	141655.25	10
1107.7539062500	n/a	141792.5	10
1108.7070312500	n/a	141914.5	10
1109.8125000000	n/a	142056	10
1112.7070312500	n/a	142426.5	10
1113.6855468750	n/a	142551.75	10
1114.7148437500	n/a	142683.5	10
1115.6777343750	n/a	142806.75	10
1116.6972656250	n/a	142937.25	10
1117.7148437500	n/a	143067.5	11
1118.7128906250	n/a	143195.25	10
1119.7324218750	n/a	143325.75	10
1120.6679687500	n/a	143445.5	10
1121.6523437500	n/a	143571.5	10
1122.7050781250	n/a	143706.25	10
1123.7070312500	n/a	143834.5	10
1124.6855468750	n/a	143959.75	10
1125.6738281250	n/a	144086.25	10
1127.7441406250	n/a	144351.25	10
1128.6914062500	n/a	144472.5	10
1129.6328125000	n/a	144593	10
1130.7734375000	n/a	144739	10
1131.4277343750	n/a	144822.75	10
1132.6601562500	n/a	144980.5	10
1133.7050781250	n/a	145114.25	10
1134.6972656250	n/a	145241.25	10
1135.7050781250	n/a	145370.25	10
1136.6640625000	n/a	145493	10
1137.6777343750	n/a	145622.75	10
1138.6953125000	n/a	145753	10
1139.6855468750	n/a	145879.75	10
1140.6738281250	n/a	146006.25	10
1141.6738281250	n/a	146134.25	10
1142.7226562500	n/a	146268.5	10
1143.6699218750	n/a	146389.75	10
1145.7070312500	n/a	146650.5	10
1146.6542968750	n/a	146771.75	10
1147.7011718750	n/a	146905.75	10
1148.5917968750	n/a	147019.75	10
1149.6562500000	n/a	147156	10
1150.6777343750	n/a	147286.75	10
1151.7031250000	n/a	147418	10
1152.7207031250	n/a	147548.25	10
1153.6562500000	n/a	147668	11
1154.7050781250	n/a	147802.25	10
1155.6464843750	n/a	147922.75	10
1156.7187500000	n/a	148060	11
1157.6875000000	n/a	148184	10
1158.7617187500	n/a	148321.5	10
1159.7167968750	n/a	148443.75	10
1161.4804687500	n/a	148669.5	10
1162.4140625000	n/a	148789	10
1162.8535156250	n/a	148845.25	10
1163.6914062500	n/a	148952.5	10
1164.6074218750	n/a	149069.75	10
1166.6835937500	n/a	149335.5	10
1167.6445312500	n/a	149458.5	10
1168.2343750000	n/a	149534	10
1168.6718750000	n/a	149590	10
1169.6992187500	n/a	149721.5	10
1170.8183593750	n/a	149864.75	10
1171.6679687500	n/a	149973.5	11
1172.6660156250	n/a	150101.25	10
1173.6875000000	n/a	150232	10
1174.8457031250	n/a	150380.25	10
1175.6933593750	n/a	150488.75	10
1176.8730468750	n/a	150639.75	10
1178.7792968750	n/a	150883.75	10
1179.6875000000	n/a	151000	10
1181.6035156250	n/a	151245.25	10
1183.7011718750	n/a	151513.75	10
1184.6835937500	n/a	151639.5	11
1185.7500000000	n/a	151776	10
1186.7500000000	n/a	151904	10
1187.4550781250	n/a	151994.25	10
1188.6738281250	n/a	152150.25	10
1189.7304687500	n/a	152285.5	10
1190.7558593750	n/a	152416.75	10
1191.6542968750	n/a	152531.75	11
1192.6523437500	n/a	152659.5	10
1193.6328125000	n/a	152785	10
1194.1855468750	n/a	152855.75	10
1194.7031250000	n/a	152922	10
1195.6367187500	n/a	153041.5	10
1196.7304687500	n/a	153181.5	10
1197.6894531250	n/a	153304.25	11
1198.6542968750	n/a	153427.75	10
1199.6718750000	n/a	153558	10
1200.6464843750	n/a	153682.75	10
1201.4472656250	n/a	153785.25	10
1203.6660156250	n/a	154069.25	10
1204.6738281250	n/a	154198.25	10
1205.6269531250	n/a	154320.25	10
1206.7324218750	n/a	154461.75	10
1207.7011718750	n/a	154585.75	10
1208.7851562500	n/a	154724.5	10
1209.7246093750	n/a	154844.75	10
1210.8125000000	n/a	154984	10
1211.6542968750	n/a	155091.75	10
1212.6835937500	n/a	155223.5	10
1213.7480468750	n/a	155359.75	11
1214.8183593750	n/a	155496.75	10
1215.6640625000	n/a	155605	10
1216.6367187500	n/a	155729.5	11
1217.6230468750	n/a	155855.75	10
1218.7363281250	n/a	155998.25	10
1219.7031250000	n/a	156122	10
1220.8925781250	n/a	156274.25	10
1223.4335937500	n/a	156599.5	10
1226.6972656250	n/a	157017.25	10
1227.6738281250	n/a	157142.25	10
1228.6621093750	n/a	157268.75	10
1229.7050781250	n/a	157402.25	10
1230.7148437500	n/a	157531.5	10
1231.6992187500	n/a	157657.5	10
1232.6621093750	n/a	157780.75	11
1233.6914062500	n/a	157912.5	10
1234.7597656250	n/a	158049.25	10
1235.7500000000	n/a	158176	10
1236.6953125000	n/a	158297	10
1237.6699218750	n/a	158421.75	10
1239.0019531250	n/a	158592.25	10
1240.6582031250	n/a	158804.25	10
1241.7128906250	n/a	158939.25	11
1242.7949218750	n/a	159077.75	10
1243.8964843750	n/a	159218.75	11
1244.6601562500	n/a	159316.5	10
1245.6757812500	n/a	159446.5	10
1246.4746093750	n/a	159548.75	10
1247.7050781250	n/a	159706.25	10
1248.5351562500	n/a	159812.5	10
1249.6757812500	n/a	159958.5	10
1250.3476562500	n/a	160044.5	10
1251.7382812500	n/a	160222.5	10
1252.6933593750	n/a	160344.75	10
1254.7734375000	n/a	160611	10
1255.6425781250	n/a	160722.25	10
1256.7500000000	n/a	160864	10
1257.6152343750	n/a	160974.75	10
1258.7949218750	n/a	161125.75	11
1259.7031250000	n/a	161242	10
1261.2070312500	n/a	161434.5	10
1261.6660156250	n/a	161493.25	10
1262.7402343750	n/a	161630.75	10
1263.6523437500	n/a	161747.5	11
1264.7167968750	n/a	161883.75	10
1265.6894531250	n/a	162008.25	10
1266.7382812500	n/a	162142.5	10
1267.7031250000	n/a	162266	10
1268.7519531250	n/a	162400.25	10
1269.6738281250	n/a	162518.25	10
1270.5410156250	n/a	162629.25	11
1271.7441406250	n/a	162783.25	10
1272.6953125000	n/a	162905	10
1273.6835937500	n/a	163031.5	10
1274.7968750000	n/a	163174	10
1275.6777343750	n/a	163286.75	10
1276.7265625000	n/a	163421	10
1277.6152343750	n/a	163534.75	10
1278.9531250000	n/a	163706	10
1280.7265625000	n/a	163933	10
1281.7207031250	n/a	164060.25	10
1304.9277343750	n/a	167030.75	10
1305.1152343750	n/a	167054.75	11
1306.1367187500	n/a	167185.5	10
1307.1308593750	n/a	167312.75	10
1308.1464843750	n/a	167442.75	10
1309.1191406250	n/a	167567.25	10
1310.1777343750	n/a	167702.75	10
1311.1289062500	n/a	167824.5	10
1312.2187500000	n/a	167964	10
1314.1738281250	n/a	168214.25	10
1315.1347656250	n/a	168337.25	10
1316.1308593750	n/a	168464.75	10
1317.1718750000	n/a	168598	10
1318.1855468750	n/a	168727.75	10
1319.1718750000	n/a	168854	10
1320.1875000000	n/a	168984	10
1320.8105468750	n/a	169063.75	10
1322.1269531250	n/a	169232.25	10
1324.1718750000	n/a	169494	10
1325.1425781250	n/a	169618.25	10
1326.1914062500	n/a	169752.5	10
1327.1542968750	n/a	169875.75	10
1328.1816406250	n/a	170007.25	10
1329.2031250000	n/a	170138	10
1330.1230468750	n/a	170255.75	10
1331.1250000000	n/a	170384	10
1332.1171875000	n/a	170511	10
1333.0976562500	n/a	170636.5	10
1334.1425781250	n/a	170770.25	10
1335.1953125000	n/a	170905	10
1335.9023437500	n/a	170995.5	10
1337.1679687500	n/a	171157.5	11
1338.1289062500	n/a	171280.5	10
1339.1132812500	n/a	171406.5	10
1340.1445312500	n/a	171538.5	10
1341.1289062500	n/a	171664.5	10
1342.1445312500	n/a	171794.5	10
1343.1152343750	n/a	171918.75	10
1343.5703125000	n/a	171977	10
1344.1640625000	n/a	172053	10
1345.1699218750	n/a	172181.75	11
1346.0957031250	n/a	172300.25	10
1347.3535156250	n/a	172461.25	10
1348.1738281250	n/a	172566.25	10
1349.1015625000	n/a	172685	10
1349.5371093750	n/a	172740.75	10
1350.1953125000	n/a	172825	10
1351.1464843750	n/a	172946.75	10
1352.1582031250	n/a	173076.25	10
1353.1796875000	n/a	173207	11
1354.1601562500	n/a	173332.5	10
1356.1621093750	n/a	173588.75	10
1357.2070312500	n/a	173722.5	10
1358.2441406250	n/a	173855.25	10
1359.0800781250	n/a	173962.25	10
1360.1113281250	n/a	174094.25	10
1361.1562500000	n/a	174228	10
1362.1191406250	n/a	174351.25	10
1363.1035156250	n/a	174477.25	10
1364.1699218750	n/a	174613.75	10
1365.1035156250	n/a	174733.25	10
1366.1718750000	n/a	174870	10
1367.1250000000	n/a	174992	10
1368.1738281250	n/a	175126.25	10
1369.1699218750	n/a	175253.75	10
1370.1152343750	n/a	175374.75	10
1371.1347656250	n/a	175505.25	10
1372.1386718750	n/a	175633.75	10
1373.1855468750	n/a	175767.75	10
1374.1425781250	n/a	175890.25	10
1375.1562500000	n/a	176020	10
1376.1386718750	n/a	176145.75	10
1377.1328125000	n/a	176273	10
1378.1699218750	n/a	176405.75	10
1379.1484375000	n/a	176531	10
1380.1738281250	n/a	176662.25	10
1381.1523437500	n/a	176787.5	10
1382.1484375000	n/a	176915	11
1383.1347656250	n/a	177041.25	10
1384.1875000000	n/a	177176	10
1385.1093750000	n/a	177294	10
1386.1289062500	n/a	177424.5	11
1387.0976562500	n/a	177548.5	10
1388.1035156250	n/a	177677.25	10
1389.1718750000	n/a	177814	10
1390.1679687500	n/a	177941.5	10
1391.1328125000	n/a	178065	10
1391.5625000000	n/a	178120	10
1392.3339843750	n/a	178218.75	10
1393.0996093750	n/a	178316.75	10
1394.1132812500	n/a	178446.5	10
1395.1503906250	n/a	178579.25	10
1396.3222656250	n/a	178729.25	10
1397.1621093750	n/a	178836.75	10
1397.8554687500	n/a	178925.5	10
1399.1503906250	n/a	179091.25	11
1400.2050781250	n/a	179226.25	10
1400.5957031250	n/a	179276.25	10
1401.1328125000	n/a	179345	10
1402.1328125000	n/a	179473	11
1403.1367187500	n/a	179601.5	10
1404.1875000000	n/a	179736	11
1405.1562500000	n/a	179860	10
1406.1406250000	n/a	179986	10
1407.1738281250	n/a	180118.25	10
1408.1679687500	n/a	180245.5	10
1409.1933593750	n/a	180376.75	10
1410.1582031250	n/a	180500.25	10
1411.2226562500	n/a	180636.5	10
1412.1562500000	n/a	180756	10
1413.1171875000	n/a	180879	10
1414.1230468750	n/a	181007.75	10
1415.1210937500	n/a	181135.5	10
1416.1445312500	n/a	181266.5	10
1417.1347656250	n/a	181393.25	10
1418.1132812500	n/a	181518.5	10
1418.6855468750	n/a	181591.75	10
1419.1074218750	n/a	181645.75	10
1420.2265625000	n/a	181789	10
1421.1210937500	n/a	181903.5	10
1422.1347656250	n/a	182033.25	10
1423.1210937500	n/a	182159.5	10
1424.1542968750	n/a	182291.75	10
1425.1152343750	n/a	182414.75	11
1426.2871093750	n/a	182564.75	10
1427.7207031250	n/a	182748.25	10
1428.1835937500	n/a	182807.5	10
1429.1796875000	n/a	182935	10
1430.1289062500	n/a	183056.5	10
1431.1328125000	n/a	183185	10
1432.1757812500	n/a	183318.5	10
1433.1406250000	n/a	183442	10
1434.0273437500	n/a	183555.5	11
1435.1406250000	n/a	183698	10
1436.1757812500	n/a	183830.5	10
1438.1523437500	n/a	184083.5	10
1438.8652343750	n/a	184174.75	10
1439.5195312500	n/a	184258.5	10
1440.1757812500	n/a	184342.5	10
1441.1582031250	n/a	184468.25	10
1442.1230468750	n/a	184591.75	10
1443.1074218750	n/a	184717.75	10
1444.1406250000	n/a	184850	10
1445.0957031250	n/a	184972.25	10
1446.0917968750	n/a	185099.75	10
1446.7187500000	n/a	185180	10
1447.1308593750	n/a	185232.75	10
1448.1250000000	n/a	185360	10
1449.1230468750	n/a	185487.75	10
1450.1406250000	n/a	185618	10
1451.1582031250	n/a	185748.25	10
1452.1386718750	n/a	185873.75	10
1453.1113281250	n/a	185998.25	10
1454.2929687500	n/a	186149.5	10
1455.7363281250	n/a	186334.25	10
1456.1269531250	n/a	186384.25	10
1457.1835937500	n/a	186519.5	10
1458.6796875000	n/a	186711	10
1459.2109375000	n/a	186779	10
1460.3144531250	n/a	186920.25	10
1461.1230468750	n/a	187023.75	10
1461.6191406250	n/a	187087.25	10
1462.1035156250	n/a	187149.25	10
1462.6757812500	n/a	187222.5	10
1463.1093750000	n/a	187278	11
1464.1777343750	n/a	187414.75	10
1465.1347656250	n/a	187537.25	10
1465.6699218750	n/a	187605.75	10
1466.0898437500	n/a	187659.5	10
1466.6640625000	n/a	187733	10
1467.0878906250	n/a	187787.25	10
1468.1679687500	n/a	187925.5	10
1469.1191406250	n/a	188047.25	10
1470.0957031250	n/a	188172.25	10
1470.5839843750	n/a	188234.75	10
1471.1152343750	n/a	188302.75	10
1472.2148437500	n/a	188443.5	10
1473.1269531250	n/a	188560.25	10
1474.0976562500	n/a	188684.5	11
1475.0957031250	n/a	188812.25	10
1476.1953125000	n/a	188953	10
1476.6601562500	n/a	189012.5	10
1477.1562500000	n/a	189076	11
1478.1191406250	n/a	189199.25	10
1479.2265625000	n/a	189341	10
1480.1933593750	n/a	189464.75	11
1481.1621093750	n/a	189588.75	10
1481.7070312500	n/a	189658.5	10
1482.1191406250	n/a	189711.25	10
1483.1464843750	n/a	189842.75	10
1484.1445312500	n/a	189970.5	10
1485.1269531250	n/a	190096.25	10
1486.1171875000	n/a	190223	10
1487.1464843750	n/a	190354.75	10
1488.1347656250	n/a	190481.25	10
1489.2148437500	n/a	190619.5	10
1490.1250000000	n/a	190736	10
1491.1289062500	n/a	190864.5	10
1493.0683593750	n/a	191112.75	10
1494.0996093750	n/a	191244.75	10
1495.1328125000	n/a	191377	10
1496.1230468750	n/a	191503.75	10
1497.1660156250	n/a	191637.25	10
1498.0898437500	n/a	191755.5	11
1499.1464843750	n/a	191890.75	10
1500.1699218750	n/a	192021.75	11
1501.1152343750	n/a	192142.75	10
1502.1230468750	n/a	192271.75	10
1503.1464843750	n/a	192402.75	10
1511.7343750000	n/a	193502	10
1511.9042968750	n/a	193523.75	10
1512.9531250000	n/a	193658	10
1513.9433593750	n/a	193784.75	10
1514.7324218750	n/a	193885.75	10
1515.9687500000	n/a	194044	10
1516.9140625000	n/a	194165	10
1517.9335937500	n/a	194295.5	10
1519.0312500000	n/a	194436	11
1520.0097656250	n/a	194561.25	10
1520.9492187500	n/a	194681.5	10
1521.9414062500	n/a	194808.5	10
1522.9980468750	n/a	194943.75	10
1523.9277343750	n/a	195062.75	10
1524.9433593750	n/a	195192.75	10
1525.9335937500	n/a	195319.5	10
1527.2421875000	n/a	195487	10
1527.9570312500	n/a	195578.5	10
1528.9433593750	n/a	195704.75	10
1529.9843750000	n/a	195838	10
1531.1445312500	n/a	195986.5	10
1531.9414062500	n/a	196088.5	10
1532.9140625000	n/a	196213	11
1533.9902343750	n/a	196350.75	10
1535.0332031250	n/a	196484.25	10
1536.0078125000	n/a	196609	10
1536.9667968750	n/a	196731.75	10
1537.9531250000	n/a	196858	10
1538.9140625000	n/a	196981	10
1540.0312500000	n/a	197124	10
1540.9296875000	n/a	197239	10
1541.9589843750	n/a	197370.75	10
1542.9960937500	n/a	197503.5	10
1544.0664062500	n/a	197640.5	10
1544.7363281250	n/a	197726.25	10
1545.6914062500	n/a	197848.5	10
1547.0019531250	n/a	198016.25	10
1547.9492187500	n/a	198137.5	11
1548.9375000000	n/a	198264	10
1549.9296875000	n/a	198391	10
1550.9707031250	n/a	198524.25	10
1551.9492187500	n/a	198649.5	10
1552.9726562500	n/a	198780.5	10
1554.0292968750	n/a	198915.75	10
1555.0664062500	n/a	199048.5	10
1555.9804687500	n/a	199165.5	10
1556.9921875000	n/a	199295	10
1557.9492187500	n/a	199417.5	11
1559.0527343750	n/a	199558.75	10
1559.9414062500	n/a	199672.5	10
1560.9804687500	n/a	199805.5	10
1562.0234375000	n/a	199939	10
1562.9257812500	n/a	200054.5	10
1563.9570312500	n/a	200186.5	10
1564.9335937500	n/a	200311.5	10
1565.8984375000	n/a	200435	11
1566.9277343750	n/a	200566.75	10
1567.9531250000	n/a	200698	11
1568.9277343750	n/a	200822.75	10
1569.6074218750	n/a	200909.75	10
1570.9316406250	n/a	201079.25	10
1571.9746093750	n/a	201212.75	10
1572.8183593750	n/a	201320.75	10
1573.9199218750	n/a	201461.75	10
1575.0039062500	n/a	201600.5	10
1575.9296875000	n/a	201719	10
1576.9375000000	n/a	201848	10
1577.9570312500	n/a	201978.5	11
1579.0585937500	n/a	202119.5	11
1580.1093750000	n/a	202254	10
1580.9628906250	n/a	202363.25	10
1581.9296875000	n/a	202487	10
1582.6308593750	n/a	202576.75	10
1583.9550781250	n/a	202746.25	11
1584.9531250000	n/a	202874	10
1585.9550781250	n/a	203002.25	10
1586.9843750000	n/a	203134	10
1587.9511718750	n/a	203257.75	10
1588.9687500000	n/a	203388	10
1589.9570312500	n/a	203514.5	11
1590.9648437500	n/a	203643.5	10
1591.9589843750	n/a	203770.75	10
1593.9628906250	n/a	204027.25	10
1594.9453125000	n/a	204153	10
1595.9628906250	n/a	204283.25	10
1597.9765625000	n/a	204541	10
1598.9140625000	n/a	204661	10
1600.0156250000	n/a	204802	10
1600.9277343750	n/a	204918.75	10
1602.3652343750	n/a	205102.75	10
1603.0546875000	n/a	205191	10
1603.9433593750	n/a	205304.75	11
1605.0019531250	n/a	205440.25	10
1605.7988281250	n/a	205542.25	10
1606.9785156250	n/a	205693.25	11
1607.9472656250	n/a	205817.25	10
1608.9804687500	n/a	205949.5	10
1609.9394531250	n/a	206072.25	10
1610.9863281250	n/a	206206.25	10
1611.9785156250	n/a	206333.25	10
1613.9296875000	n/a	206583	10
1615.0566406250	n/a	206727.25	10
1615.9785156250	n/a	206845.25	10
1616.9648437500	n/a	206971.5	10
1617.8945312500	n/a	207090.5	10
1618.9882812500	n/a	207230.5	10
1619.9023437500	n/a	207347.5	10
1620.9863281250	n/a	207486.25	10
1621.8964843750	n/a	207602.75	10
1622.9042968750	n/a	207731.75	10
1623.9687500000	n/a	207868	10
1624.9062500000	n/a	207988	10
1625.9140625000	n/a	208117	10
1626.9609375000	n/a	208251	10
1627.9257812500	n/a	208374.5	10
1628.9218750000	n/a	208502	11
1629.9863281250	n/a	208638.25	10
1630.9335937500	n/a	208759.5	10
1631.9179687500	n/a	208885.5	10
1632.9199218750	n/a	209013.75	10
1633.9707031250	n/a	209148.25	10
1634.9433593750	n/a	209272.75	10
1636.9335937500	n/a	209527.5	10
1637.9160156250	n/a	209653.25	10
1638.9726562500	n/a	209788.5	10
1640.1132812500	n/a	209934.5	10
1640.9160156250	n/a	210037.25	10
1641.9531250000	n/a	210170	10
1642.9433593750	n/a	210296.75	10
1643.9648437500	n/a	210427.5	10
1644.9003906250	n/a	210547.25	10
1645.9199218750	n/a	210677.75	10
1646.9238281250	n/a	210806.25	10
1647.9003906250	n/a	210931.25	10
1648.9101562500	n/a	211060.5	10
1649.9355468750	n/a	211191.75	10
1650.9257812500	n/a	211318.5	10
1651.9667968750	n/a	211451.75	10
1652.9140625000	n/a	211573	10
1653.8964843750	n/a	211698.75	10
1654.9726562500	n/a	211836.5	10
1655.9101562500	n/a	211956.5	10
1656.9179687500	n/a	212085.5	10
1657.9453125000	n/a	212217	10
1658.9394531250	n/a	212344.25	10
1659.8945312500	n/a	212466.5	10
1660.4609375000	n/a	212539	10
1660.9648437500	n/a	212603.5	10
1661.9121093750	n/a	212724.75	10
1663.0781250000	n/a	212874	10
1663.9355468750	n/a	212983.75	10
1664.9433593750	n/a	213112.75	11
1665.9335937500	n/a	213239.5	10
1666.8164062500	n/a	213352.5	10
1667.9804687500	n/a	213501.5	10
1668.7031250000	n/a	213594	10
1669.9648437500	n/a	213755.5	10
1671.0859375000	n/a	213899	10
1671.8847656250	n/a	214001.25	10
1672.9589843750	n/a	214138.75	10
1673.9140625000	n/a	214261	10
1675.9316406250	n/a	214519.25	10
1676.9335937500	n/a	214647.5	10
1677.9667968750	n/a	214779.75	10
1678.9121093750	n/a	214900.75	10
1679.9160156250	n/a	215029.25	10
1680.9218750000	n/a	215158	10
1681.9550781250	n/a	215290.25	10
1683.9375000000	n/a	215544	10
1684.8007812500	n/a	215654.5	10
1685.9550781250	n/a	215802.25	10
1686.9785156250	n/a	215933.25	10
1687.9277343750	n/a	216054.75	10
1688.9257812500	n/a	216182.5	10
1689.8066406250	n/a	216295.25	10
1690.9335937500	n/a	216439.5	10
1691.9082031250	n/a	216564.25	10
1692.9980468750	n/a	216703.75	10
1694.2636718750	n/a	216865.75	10
1695.0957031250	n/a	216972.25	11
1695.9589843750	n/a	217082.75	10
1696.9980468750	n/a	217215.75	10
1698.4472656250	n/a	217401.25	10
1698.9375000000	n/a	217464	10
1699.9003906250	n/a	217587.25	10
1700.9140625000	n/a	217717	10
1701.8925781250	n/a	217842.25	11
1702.9179687500	n/a	217973.5	10
1703.9296875000	n/a	218103	10
1704.9667968750	n/a	218235.75	10
1705.9179687500	n/a	218357.5	10
1706.9101562500	n/a	218484.5	10
1707.9980468750	n/a	218623.75	10
1708.9785156250	n/a	218749.25	11
1709.9003906250	n/a	218867.25	10
1716.3789062500	n/a	219696.5	10
1716.5878906250	n/a	219723.25	10
1717.5761718750	n/a	219849.75	10
1718.1640625000	n/a	219925	10
1718.6230468750	n/a	219983.75	10
1719.6093750000	n/a	220110	10
1720.5761718750	n/a	220233.75	10
1721.6582031250	n/a	220372.25	10
1722.5703125000	n/a	220489	10
1723.9238281250	n/a	220662.25	10
1724.5957031250	n/a	220748.25	10
1725.5957031250	n/a	220876.25	10
1726.6933593750	n/a	221016.75	10
1727.4550781250	n/a	221114.25	10
1728.6074218750	n/a	221261.75	10
1729.4453125000	n/a	221369	11
1730.0332031250	n/a	221444.25	11
1730.6621093750	n/a	221524.75	10
1731.6582031250	n/a	221652.25	10
1732.5996093750	n/a	221772.75	10
1733.5976562500	n/a	221900.5	10
1734.6347656250	n/a	222033.25	10
1735.6738281250	n/a	222166.25	11
1736.5917968750	n/a	222283.75	10
1737.6308593750	n/a	222416.75	10
1738.5820312500	n/a	222538.5	10
1739.0488281250	n/a	222598.25	10
1740.6660156250	n/a	222805.25	10
1741.5937500000	n/a	222924	10
1742.5898437500	n/a	223051.5	10
1743.7324218750	n/a	223197.75	10
1744.4140625000	n/a	223285	10
1745.6484375000	n/a	223443	10
1746.5742187500	n/a	223561.5	10
1747.6523437500	n/a	223699.5	10
1749.5878906250	n/a	223947.25	10
1750.5585937500	n/a	224071.5	10
1751.6425781250	n/a	224210.25	11
1752.5957031250	n/a	224332.25	10
1753.5781250000	n/a	224458	10
1754.6660156250	n/a	224597.25	10
1755.3574218750	n/a	224685.75	11
1756.7050781250	n/a	224858.25	10
1757.6210937500	n/a	224975.5	10
1758.5722656250	n/a	225097.25	10
1759.6757812500	n/a	225238.5	10
1760.6855468750	n/a	225367.75	10
1761.5957031250	n/a	225484.25	10
1762.6152343750	n/a	225614.75	10
1763.4101562500	n/a	225716.5	10
1763.8339843750	n/a	225770.75	10
1764.7128906250	n/a	225883.25	10
1765.4785156250	n/a	225981.25	11
1766.6308593750	n/a	226128.75	10
1767.7207031250	n/a	226268.25	10
1768.5996093750	n/a	226380.75	10
1769.6289062500	n/a	226512.5	10
1770.6210937500	n/a	226639.5	11
1771.5996093750	n/a	226764.75	10
1772.5820312500	n/a	226890.5	10
1773.5644531250	n/a	227016.25	10
1774.6621093750	n/a	227156.75	11
1776.0898437500	n/a	227339.5	10
1776.6035156250	n/a	227405.25	10
1777.8183593750	n/a	227560.75	10
1778.6230468750	n/a	227663.75	11
1779.6074218750	n/a	227789.75	10
1780.6933593750	n/a	227928.75	10
1781.6503906250	n/a	228051.25	10
1782.6367187500	n/a	228177.5	10
1783.5878906250	n/a	228299.25	10
1783.9902343750	n/a	228350.75	10
1784.5996093750	n/a	228428.75	10
1785.9355468750	n/a	228599.75	10
1786.6191406250	n/a	228687.25	10
1787.8164062500	n/a	228840.5	10
1788.5820312500	n/a	228938.5	11
1789.6328125000	n/a	229073	10
1790.6445312500	n/a	229202.5	10
1791.6250000000	n/a	229328	10
1792.3789062500	n/a	229424.5	10
1792.7968750000	n/a	229478	10
1793.7890625000	n/a	229605	10
1794.6250000000	n/a	229712	10
1795.7382812500	n/a	229854.5	10
1796.4433593750	n/a	229944.75	10
1797.5722656250	n/a	230089.25	10
1798.5703125000	n/a	230217	10
1799.6015625000	n/a	230349	10
1800.6074218750	n/a	230477.75	10
1801.3652343750	n/a	230574.75	10
1802.5898437500	n/a	230731.5	10
1803.6347656250	n/a	230865.25	10
1804.5761718750	n/a	230985.75	10
1805.5292968750	n/a	231107.75	10
1806.6191406250	n/a	231247.25	10
1807.4316406250	n/a	231351.25	10
1807.9531250000	n/a	231418	10
1808.5644531250	n/a	231496.25	10
1809.9902343750	n/a	231678.75	10
1810.5957031250	n/a	231756.25	10
1811.4101562500	n/a	231860.5	10
1812.1328125000	n/a	231953	10
1812.8515625000	n/a	232045	10
1813.6015625000	n/a	232141	10
1814.7402343750	n/a	232286.75	11
1815.9257812500	n/a	232438.5	10
1816.6503906250	n/a	232531.25	10
1817.4003906250	n/a	232627.25	10
1817.8242187500	n/a	232681.5	10
1818.6191406250	n/a	232783.25	10
1819.9902343750	n/a	232958.75	10
1820.6210937500	n/a	233039.5	10
1821.6191406250	n/a	233167.25	10
1822.5917968750	n/a	233291.75	10
1823.9042968750	n/a	233459.75	11
1824.8222656250	n/a	233577.25	10
1825.5625000000	n/a	233672	10
1826.6171875000	n/a	233807	10
1828.7265625000	n/a	234077	10
1829.5917968750	n/a	234187.75	10
1830.5957031250	n/a	234316.25	10
1831.6210937500	n/a	234447.5	10
1832.6425781250	n/a	234578.25	10
1833.8320312500	n/a	234730.5	10
1834.6875000000	n/a	234840	10
1835.6757812500	n/a	234966.5	10
1836.1269531250	n/a	235024.25	10
1836.8105468750	n/a	235111.75	10
1837.6308593750	n/a	235216.75	11
1838.7792968750	n/a	235363.75	10
1839.6523437500	n/a	235475.5	10
1840.6972656250	n/a	235609.25	10
1841.5839843750	n/a	235722.75	10
1842.5566406250	n/a	235847.25	11
1843.6230468750	n/a	235983.75	10
1844.5664062500	n/a	236104.5	10
1845.6367187500	n/a	236241.5	10
1846.5898437500	n/a	236363.5	10
1847.8984375000	n/a	236531	10
1848.6835937500	n/a	236631.5	10
1849.6074218750	n/a	236749.75	10
1850.5761718750	n/a	236873.75	10
1852.5566406250	n/a	237127.25	10
1853.5546875000	n/a	237255	10
1854.6113281250	n/a	237390.25	10
1855.5449218750	n/a	237509.75	10
1856.1289062500	n/a	237584.5	10
1856.7636718750	n/a	237665.75	10
1857.6191406250	n/a	237775.25	10
1858.6562500000	n/a	237908	10
1859.6542968750	n/a	238035.75	11
1860.9980468750	n/a	238207.75	10
1861.7246093750	n/a	238300.75	10
1862.5722656250	n/a	238409.25	10
1863.7382812500	n/a	238558.5	10
1864.5859375000	n/a	238667	10
1865.6132812500	n/a	238798.5	10
1866.6386718750	n/a	238929.75	10
1867.6503906250	n/a	239059.25	11
1869.5957031250	n/a	239308.25	10
1870.6230468750	n/a	239439.75	10
1871.7480468750	n/a	239583.75	10
1874.6152343750	n/a	239950.75	10
1875.6328125000	n/a	240081	10
1876.6035156250	n/a	240205.25	10
1877.5371093750	n/a	240324.75	10
1878.5468750000	n/a	240454	10
1879.7070312500	n/a	240602.5	10
1880.5625000000	n/a	240712	10
1881.8066406250	n/a	240871.25	10
1882.5410156250	n/a	240965.25	10
1883.6308593750	n/a	241104.75	10
1884.5937500000	n/a	241228	10
1885.5410156250	n/a	241349.25	10
1886.5351562500	n/a	241476.5	10
1887.5917968750	n/a	241611.75	10
1888.6191406250	n/a	241743.25	10
1889.5644531250	n/a	241864.25	10
1890.5625000000	n/a	241992	10
1891.6093750000	n/a	242126	10
1892.5234375000	n/a	242243	10
1893.5976562500	n/a	242380.5	10
1894.4843750000	n/a	242494	10
1895.5898437500	n/a	242635.5	10
1896.6210937500	n/a	242767.5	10
1897.6328125000	n/a	242897	10
1898.5546875000	n/a	243015	10
1899.7304687500	n/a	243165.5	10
1900.5625000000	n/a	243272	10
1901.5781250000	n/a	243402	11
1902.5664062500	n/a	243528.5	10
1903.5976562500	n/a	243660.5	10
1904.5273437500	n/a	243779.5	10
1905.5429687500	n/a	243909.5	10
1906.9082031250	n/a	244084.25	10
1907.6035156250	n/a	244173.25	11
1908.6191406250	n/a	244303.25	10
1909.5800781250	n/a	244426.25	10
1910.6113281250	n/a	244558.25	10
1911.5468750000	n/a	244678	11
1912.6777343750	n/a	244822.75	10
1913.5390625000	n/a	244933	10
1914.5585937500	n/a	245063.5	10
1923.2246093750	n/a	246172.75	10
1923.4355468750	n/a	246199.75	10
1924.4257812500	n/a	246326.5	10
1925.4316406250	n/a	246455.25	10
1926.4902343750	n/a	246590.75	10
1927.4785156250	n/a	246717.25	10
1928.4355468750	n/a	246839.75	10
1929.4804687500	n/a	246973.5	11
1930.5898437500	n/a	247115.5	10
1931.4980468750	n/a	247231.75	10
1932.5527343750	n/a	247366.75	11
1933.4746093750	n/a	247484.75	10
1935.5781250000	n/a	247754	10
1936.4843750000	n/a	247870	10
1937.3769531250	n/a	247984.25	11
1938.8378906250	n/a	248171.25	10
1939.5175781250	n/a	248258.25	11
1940.4609375000	n/a	248379	10
1941.6445312500	n/a	248530.5	10
1942.5156250000	n/a	248642	10
1943.2500000000	n/a	248736	10
1944.5312500000	n/a	248900	10
1945.5332031250	n/a	249028.25	10
1946.4843750000	n/a	249150	10
1947.5664062500	n/a	249288.5	10
1948.6582031250	n/a	249428.25	10
1949.4375000000	n/a	249528	10
1950.5742187500	n/a	249673.5	11
1951.7636718750	n/a	249825.75	10
1952.4707031250	n/a	249916.25	10
1953.4609375000	n/a	250043	10
1954.5136718750	n/a	250177.75	10
1955.4628906250	n/a	250299.25	11
1956.4726562500	n/a	250428.5	10
1957.4414062500	n/a	250552.5	10
1958.5039062500	n/a	250688.5	10
1959.4785156250	n/a	250813.25	10
1960.5683593750	n/a	250952.75	10
1961.2812500000	n/a	251044	10
1962.4843750000	n/a	251198	10
1963.4746093750	n/a	251324.75	10
1964.5156250000	n/a	251458	10
1965.4648437500	n/a	251579.5	10
1966.5703125000	n/a	251721	10
1967.5058593750	n/a	251840.75	10
1968.4355468750	n/a	251959.75	10
1969.4609375000	n/a	252091	10
1970.5488281250	n/a	252230.25	10
1971.5585937500	n/a	252359.5	11
1972.4960937500	n/a	252479.5	10
1973.4980468750	n/a	252607.75	10
1974.5371093750	n/a	252740.75	11
1975.5214843750	n/a	252866.75	10
1976.3007812500	n/a	252966.5	10
1977.4628906250	n/a	253115.25	10
1978.4882812500	n/a	253246.5	10
1979.4687500000	n/a	253372	10
1980.4472656250	n/a	253497.25	10
1981.4707031250	n/a	253628.25	10
1982.5332031250	n/a	253764.25	10
1983.4375000000	n/a	253880	11
1984.5019531250	n/a	254016.25	10
1985.4785156250	n/a	254141.25	10
1986.6054687500	n/a	254285.5	10
1987.4667968750	n/a	254395.75	11
1988.5253906250	n/a	254531.25	10
1989.4804687500	n/a	254653.5	10
1990.2050781250	n/a	254746.25	10
1990.6093750000	n/a	254798	10
1991.5078125000	n/a	254913	10
1992.5234375000	n/a	255043	10
1993.5585937500	n/a	255175.5	10
1994.4824218750	n/a	255293.75	10
1995.5058593750	n/a	255424.75	11
1996.5351562500	n/a	255556.5	10
1997.4687500000	n/a	255676	10
1998.4882812500	n/a	255806.5	10
1999.4843750000	n/a	255934	10
2000.4941406250	n/a	256063.25	10
2001.5292968750	n/a	256195.75	10
2002.6601562500	n/a	256340.5	10
2003.4472656250	n/a	256441.25	10
2004.6640625000	n/a	256597	10
2005.4277343750	n/a	256694.75	10
2006.7597656250	n/a	256865.25	11
2007.4550781250	n/a	256954.25	10
2008.4550781250	n/a	257082.25	10
2009.4687500000	n/a	257212	10
2010.4687500000	n/a	257340	10
2011.4960937500	n/a	257471.5	10
2012.4453125000	n/a	257593	10
2013.4472656250	n/a	257721.25	10
2014.7617187500	n/a	257889.5	10
2015.5644531250	n/a	257992.25	10
2016.4101562500	n/a	258100.5	10
2017.4472656250	n/a	258233.25	10
2018.5156250000	n/a	258370	10
2019.4296875000	n/a	258487	10
2020.4414062500	n/a	258616.5	11
2021.5566406250	n/a	258759.25	10
2022.4980468750	n/a	258879.75	10
2023.4902343750	n/a	259006.75	10
2025.4863281250	n/a	259262.25	10
2026.5683593750	n/a	259400.75	10
2027.5585937500	n/a	259527.5	10
2028.4394531250	n/a	259640.25	10
2029.5195312500	n/a	259778.5	10
2030.4433593750	n/a	259896.75	10
2031.5253906250	n/a	260035.25	10
2032.8437500000	n/a	260204	10
2033.4179687500	n/a	260277.5	11
2034.4589843750	n/a	260410.75	10
2035.4902343750	n/a	260542.75	10
2036.4121093750	n/a	260660.75	10
2037.3945312500	n/a	260786.5	11
2038.4785156250	n/a	260925.25	10
2039.4687500000	n/a	261052	10
2040.4570312500	n/a	261178.5	10
2041.4843750000	n/a	261310	10
2042.4746093750	n/a	261436.75	10
2044.5136718750	n/a	261697.75	10
2045.4414062500	n/a	261816.5	10
2046.6718750000	n/a	261974	10
2047.4414062500	n/a	262072.5	10
2049.4902343750	n/a	262334.75	10
2050.6113281250	n/a	262478.25	10
2051.4570312500	n/a	262586.5	10
2052.4433593750	n/a	262712.75	10
2053.4707031250	n/a	262844.25	10
2054.4531250000	n/a	262970	10
2055.1074218750	n/a	263053.75	10
2056.6406250000	n/a	263250	10
2057.4863281250	n/a	263358.25	10
2058.5234375000	n/a	263491	10
2059.4394531250	n/a	263608.25	10
2060.5859375000	n/a	263755	10
2061.4863281250	n/a	263870.25	10
2062.3417968750	n/a	263979.75	10
2063.4414062500	n/a	264120.5	10
2064.7128906250	n/a	264283.25	11
2065.6542968750	n/a	264403.75	10
2066.4628906250	n/a	264507.25	10
2067.4707031250	n/a	264636.25	10
2068.4550781250	n/a	264762.25	10
2069.5742187500	n/a	264905.5	10
2070.4277343750	n/a	265014.75	10
2071.1191406250	n/a	265103.25	10
2072.5234375000	n/a	265283	10
2073.4355468750	n/a	265399.75	10
2074.6308593750	n/a	265552.75	11
2075.5058593750	n/a	265664.75	10
2076.8203125000	n/a	265833	10
2077.5449218750	n/a	265925.75	10
2078.5292968750	n/a	266051.75	10
2080.5175781250	n/a	266306.25	10
2081.4707031250	n/a	266428.25	10
2082.4687500000	n/a	266556	10
2082.8828125000	n/a	266609	10
2083.4023437500	n/a	266675.5	10
2084.8066406250	n/a	266855.25	10
2085.5078125000	n/a	266945	10
2086.8203125000	n/a	267113	10
2087.4023437500	n/a	267187.5	10
2088.5664062500	n/a	267336.5	10
2089.4355468750	n/a	267447.75	10
2090.7519531250	n/a	267616.25	10
2091.4375000000	n/a	267704	10
2092.6660156250	n/a	267861.25	10
2093.6269531250	n/a	267984.25	10
2094.4218750000	n/a	268086	10
2095.4121093750	n/a	268212.75	10
2096.4199218750	n/a	268341.75	10
2097.5292968750	n/a	268483.75	10
2098.0917968750	n/a	268555.75	10
2099.4765625000	n/a	268733	10
2100.6328125000	n/a	268881	10
2101.4472656250	n/a	268985.25	10
2102.5605468750	n/a	269127.75	10
2103.4589843750	n/a	269242.75	10
2104.5644531250	n/a	269384.25	10
2105.4453125000	n/a	269497	11
2106.7304687500	n/a	269661.5	10
2107.4394531250	n/a	269752.25	10
2108.4375000000	n/a	269880	10
2109.4062500000	n/a	270004	10
2110.5097656250	n/a	270145.25	10
2111.4375000000	n/a	270264	10
2112.7167968750	n/a	270427.75	10
2113.4101562500	n/a	270516.5	10
2114.4882812500	n/a	270654.5	11
2115.4296875000	n/a	270775	10
2116.5058593750	n/a	270912.75	10
2118.4960937500	n/a	271167.5	10
2119.4824218750	n/a	271293.75	10
2120.4199218750	n/a	271413.75	10
2121.5761718750	n/a	271561.75	10
